|properties 15.2600 14.8400 0.8710 5.7630 3.3120 2.2210 5.2200 |variety 1 0 0
|properties 14.8800 14.5700 0.8811 5.5540 3.3330 1.0180 4.9560 |variety 1 0 0
|properties 14.2900 14.0900 0.9050 5.2910 3.3370 2.6990 4.8250 |variety 1 0 0
|properties 13.8400 13.9400 0.8955 5.3240 3.3790 2.2590 4.8050 |variety 1 0 0
|properties 16.1400 14.9900 0.9034 5.6580 3.5620 1.3550 5.1750 |variety 1 0 0
|properties 14.3800 14.2100 0.8951 5.3860 3.3120 2.4620 4.9560 |variety 1 0 0
|properties 14.6900 14.4900 0.8799 5.5630 3.2590 3.5860 5.2190 |variety 1 0 0
|properties 14.1100 14.1000 0.8911 5.4200 3.3020 2.7000 5.0000 |variety 1 0 0
|properties 16.6300 15.4600 0.8747 6.0530 3.4650 2.0400 5.8770 |variety 1 0 0
|properties 16.4400 15.2500 0.8880 5.8840 3.5050 1.9690 5.5330 |variety 1 0 0
|properties 15.2600 14.8500 0.8696 5.7140 3.2420 4.5430 5.3140 |variety 1 0 0
|properties 14.0300 14.1600 0.8796 5.4380 3.2010 1.7170 5.0010 |variety 1 0 0
|properties 13.8900 14.0200 0.8880 5.4390 3.1990 3.9860 4.7380 |variety 1 0 0
|properties 13.7800 14.0600 0.8759 5.4790 3.1560 3.1360 4.8720 |variety 1 0 0
|properties 13.7400 14.0500 0.8744 5.4820 3.1140 2.9320 4.8250 |variety 1 0 0
|properties 14.5900 14.2800 0.8993 5.3510 3.3330 4.1850 4.7810 |variety 1 0 0
|properties 13.9900 13.8300 0.9183 5.1190 3.3830 5.2340 4.7810 |variety 1 0 0
|properties 15.6900 14.7500 0.9058 5.5270 3.5140 1.5990 5.0460 |variety 1 0 0
|properties 14.7000 14.2100 0.9153 5.2050 3.4660 1.7670 4.6490 |variety 1 0 0
|properties 12.7200 13.5700 0.8686 5.2260 3.0490 4.1020 4.9140 |variety 1 0 0
|properties 14.1600 14.4000 0.8584 5.6580 3.1290 3.0720 5.1760 |variety 1 0 0
|properties 14.1100 14.2600 0.8722 5.5200 3.1680 2.6880 5.2190 |variety 1 0 0
|properties 15.8800 14.9000 0.8988 5.6180 3.5070 0.7651 5.0910 |variety 1 0 0
|properties 12.0800 13.2300 0.8664 5.0990 2.9360 1.4150 4.9610 |variety 1 0 0
|properties 15.0100 14.7600 0.8657 5.7890 3.2450 1.7910 5.0010 |variety 1 0 0
|properties 16.1900 15.1600 0.8849 5.8330 3.4210 0.9030 5.3070 |variety 1 0 0
|properties 13.0200 13.7600 0.8641 5.3950 3.0260 3.3730 4.8250 |variety 1 0 0
|properties 12.7400 13.6700 0.8564 5.3950 2.9560 2.5040 4.8690 |variety 1 0 0
|properties 14.1100 14.1800 0.8820 5.5410 3.2210 2.7540 5.0380 |variety 1 0 0
|properties 13.4500 14.0200 0.8604 5.5160 3.0650 3.5310 5.0970 |variety 1 0 0
|properties 13.1600 13.8200 0.8662 5.4540 2.9750 0.8551 5.0560 |variety 1 0 0
|properties 15.4900 14.9400 0.8724 5.7570 3.3710 3.4120 5.2280 |variety 1 0 0
|properties 14.0900 14.4100 0.8529 5.7170 3.1860 3.9200 5.2990 |variety 1 0 0
|properties 13.9400 14.1700 0.8728 5.5850 3.1500 2.1240 5.0120 |variety 1 0 0
|properties 15.0500 14.6800 0.8779 5.7120 3.3280 2.1290 5.3600 |variety 1 0 0
|properties 16.1200 15.0000 0.9000 5.7090 3.4850 2.2700 5.4430 |variety 1 0 0
|properties 16.2000 15.2700 0.8734 5.8260 3.4640 2.8230 5.5270 |variety 1 0 0
|properties 17.0800 15.3800 0.9079 5.8320 3.6830 2.9560 5.4840 |variety 1 0 0
|properties 14.8000 14.5200 0.8823 5.6560 3.2880 3.1120 5.3090 |variety 1 0 0
|properties 14.2800 14.1700 0.8944 5.3970 3.2980 6.6850 5.0010 |variety 1 0 0
|properties 13.5400 13.8500 0.8871 5.3480 3.1560 2.5870 5.1780 |variety 1 0 0
|properties 13.5000 13.8500 0.8852 5.3510 3.1580 2.2490 5.1760 |variety 1 0 0
|properties 13.1600 13.5500 0.9009 5.1380 3.2010 2.4610 4.7830 |variety 1 0 0
|properties 15.5000 14.8600 0.8820 5.8770 3.3960 4.7110 5.5280 |variety 1 0 0
|properties 15.1100 14.5400 0.8986 5.5790 3.4620 3.1280 5.1800 |variety 1 0 0
|properties 13.8000 14.0400 0.8794 5.3760 3.1550 1.5600 4.9610 |variety 1 0 0
|properties 15.3600 14.7600 0.8861 5.7010 3.3930 1.3670 5.1320 |variety 1 0 0
|properties 14.9900 14.5600 0.8883 5.5700 3.3770 2.9580 5.1750 |variety 1 0 0
|properties 14.7900 14.5200 0.8819 5.5450 3.2910 2.7040 5.1110 |variety 1 0 0
|properties 14.8600 14.6700 0.8676 5.6780 3.2580 2.1290 5.3510 |variety 1 0 0
|properties 17.6300 15.9800 0.8673 6.1910 3.5610 4.0760 6.0600 |variety 0 1 0
|properties 16.8400 15.6700 0.8623 5.9980 3.4840 4.6750 5.8770 |variety 0 1 0
|properties 17.2600 15.7300 0.8763 5.9780 3.5940 4.5390 5.7910 |variety 0 1 0
|properties 19.1100 16.2600 0.9081 6.1540 3.9300 2.9360 6.0790 |variety 0 1 0
|properties 16.8200 15.5100 0.8786 6.0170 3.4860 4.0040 5.8410 |variety 0 1 0
|properties 16.7700 15.6200 0.8638 5.9270 3.4380 4.9200 5.7950 |variety 0 1 0
|properties 17.3200 15.9100 0.8599 6.0640 3.4030 3.8240 5.9220 |variety 0 1 0
|properties 20.7100 17.2300 0.8763 6.5790 3.8140 4.4510 6.4510 |variety 0 1 0
|properties 18.9400 16.4900 0.8750 6.4450 3.6390 5.0640 6.3620 |variety 0 1 0
|properties 17.1200 15.5500 0.8892 5.8500 3.5660 2.8580 5.7460 |variety 0 1 0
|properties 16.5300 15.3400 0.8823 5.8750 3.4670 5.5320 5.8800 |variety 0 1 0
|properties 18.7200 16.1900 0.8977 6.0060 3.8570 5.3240 5.8790 |variety 0 1 0
|properties 20.2000 16.8900 0.8894 6.2850 3.8640 5.1730 6.1870 |variety 0 1 0
|properties 19.5700 16.7400 0.8779 6.3840 3.7720 1.4720 6.2730 |variety 0 1 0
|properties 19.5100 16.7100 0.8780 6.3660 3.8010 2.9620 6.1850 |variety 0 1 0
|properties 18.2700 16.0900 0.8870 6.1730 3.6510 2.4430 6.1970 |variety 0 1 0
|properties 18.8800 16.2600 0.8969 6.0840 3.7640 1.6490 6.1090 |variety 0 1 0
|properties 18.9800 16.6600 0.8590 6.5490 3.6700 3.6910 6.4980 |variety 0 1 0
|properties 21.1800 17.2100 0.8989 6.5730 4.0330 5.7800 6.2310 |variety 0 1 0
|properties 20.8800 17.0500 0.9031 6.4500 4.0320 5.0160 6.3210 |variety 0 1 0
|properties 20.1000 16.9900 0.8746 6.5810 3.7850 1.9550 6.4490 |variety 0 1 0
|properties 18.7600 16.2000 0.8984 6.1720 3.7960 3.1200 6.0530 |variety 0 1 0
|properties 18.8100 16.2900 0.8906 6.2720 3.6930 3.2370 6.0530 |variety 0 1 0
|properties 18.5900 16.0500 0.9066 6.0370 3.8600 6.0010 5.8770 |variety 0 1 0
|properties 18.3600 16.5200 0.8452 6.6660 3.4850 4.9330 6.4480 |variety 0 1 0
|properties 16.8700 15.6500 0.8648 6.1390 3.4630 3.6960 5.9670 |variety 0 1 0
|properties 19.3100 16.5900 0.8815 6.3410 3.8100 3.4770 6.2380 |variety 0 1 0
|properties 18.9800 16.5700 0.8687 6.4490 3.5520 2.1440 6.4530 |variety 0 1 0
|properties 18.1700 16.2600 0.8637 6.2710 3.5120 2.8530 6.2730 |variety 0 1 0
|properties 18.7200 16.3400 0.8810 6.2190 3.6840 2.1880 6.0970 |variety 0 1 0
|properties 16.4100 15.2500 0.8866 5.7180 3.5250 4.2170 5.6180 |variety 0 1 0
|properties 17.9900 15.8600 0.8992 5.8900 3.6940 2.0680 5.8370 |variety 0 1 0
|properties 19.4600 16.5000 0.8985 6.1130 3.8920 4.3080 6.0090 |variety 0 1 0
|properties 19.1800 16.6300 0.8717 6.3690 3.6810 3.3570 6.2290 |variety 0 1 0
|properties 18.9500 16.4200 0.8829 6.2480 3.7550 3.3680 6.1480 |variety 0 1 0
|properties 18.8300 16.2900 0.8917 6.0370 3.7860 2.5530 5.8790 |variety 0 1 0
|properties 18.8500 16.1700 0.9056 6.1520 3.8060 2.8430 6.2000 |variety 0 1 0
|properties 17.6300 15.8600 0.8800 6.0330 3.5730 3.7470 5.9290 |variety 0 1 0
|properties 19.9400 16.9200 0.8752 6.6750 3.7630 3.2520 6.5500 |variety 0 1 0
|properties 18.5500 16.2200 0.8865 6.1530 3.6740 1.7380 5.8940 |variety 0 1 0
|properties 18.4500 16.1200 0.8921 6.1070 3.7690 2.2350 5.7940 |variety 0 1 0
|properties 19.3800 16.7200 0.8716 6.3030 3.7910 3.6780 5.9650 |variety 0 1 0
|properties 19.1300 16.3100 0.9035 6.1830 3.9020 2.1090 5.9240 |variety 0 1 0
|properties 19.1400 16.6100 0.8722 6.2590 3.7370 6.6820 6.0530 |variety 0 1 0
|properties 20.9700 17.2500 0.8859 6.5630 3.9910 4.6770 6.3160 |variety 0 1 0
|properties 19.0600 16.4500 0.8854 6.4160 3.7190 2.2480 6.1630 |variety 0 1 0
|properties 18.9600 16.2000 0.9077 6.0510 3.8970 4.3340 5.7500 |variety 0 1 0
|properties 19.1500 16.4500 0.8890 6.2450 3.8150 3.0840 6.1850 |variety 0 1 0
|properties 18.8900 16.2300 0.9008 6.2270 3.7690 3.6390 5.9660 |variety 0 1 0
|properties 20.0300 16.9000 0.8811 6.4930 3.8570 3.0630 6.3200 |variety 0 1 0
|properties 13.0700 13.9200 0.8480 5.4720 2.9940 5.3040 5.3950 |variety 0 0 1
|properties 13.3200 13.9400 0.8613 5.5410 3.0730 7.0350 5.4400 |variety 0 0 1
|properties 13.3400 13.9500 0.8620 5.3890 3.0740 5.9950 5.3070 |variety 0 0 1
|properties 12.2200 13.3200 0.8652 5.2240 2.9670 5.4690 5.2210 |variety 0 0 1
|properties 11.8200 13.4000 0.8274 5.3140 2.7770 4.4710 5.1780 |variety 0 0 1
|properties 11.2100 13.1300 0.8167 5.2790 2.6870 6.1690 5.2750 |variety 0 0 1
|properties 11.4300 13.1300 0.8335 5.1760 2.7190 2.2210 5.1320 |variety 0 0 1
|properties 12.4900 13.4600 0.8658 5.2670 2.9670 4.4210 5.0020 |variety 0 0 1
|properties 12.7000 13.7100 0.8491 5.3860 2.9110 3.2600 5.3160 |variety 0 0 1
|properties 10.7900 12.9300 0.8107 5.3170 2.6480 5.4620 5.1940 |variety 0 0 1
|properties 11.8300 13.2300 0.8496 5.2630 2.8400 5.1950 5.3070 |variety 0 0 1
|properties 12.0100 13.5200 0.8249 5.4050 2.7760 6.9920 5.2700 |variety 0 0 1
|properties 12.2600 13.6000 0.8333 5.4080 2.8330 4.7560 5.3600 |variety 0 0 1
|properties 11.1800 13.0400 0.8266 5.2200 2.6930 3.3320 5.0010 |variety 0 0 1
|properties 11.3600 13.0500 0.8382 5.1750 2.7550 4.0480 5.2630 |variety 0 0 1
|properties 11.1900 13.0500 0.8253 5.2500 2.6750 5.8130 5.2190 |variety 0 0 1
|properties 11.3400 12.8700 0.8596 5.0530 2.8490 3.3470 5.0030 |variety 0 0 1
|properties 12.1300 13.7300 0.8081 5.3940 2.7450 4.8250 5.2200 |variety 0 0 1
|properties 11.7500 13.5200 0.8082 5.4440 2.6780 4.3780 5.3100 |variety 0 0 1
|properties 11.4900 13.2200 0.8263 5.3040 2.6950 5.3880 5.3100 |variety 0 0 1
|properties 12.5400 13.6700 0.8425 5.4510 2.8790 3.0820 5.4910 |variety 0 0 1
|properties 12.0200 13.3300 0.8503 5.3500 2.8100 4.2710 5.3080 |variety 0 0 1
|properties 12.0500 13.4100 0.8416 5.2670 2.8470 4.9880 5.0460 |variety 0 0 1
|properties 12.5500 13.5700 0.8558 5.3330 2.9680 4.4190 5.1760 |variety 0 0 1
|properties 11.1400 12.7900 0.8558 5.0110 2.7940 6.3880 5.0490 |variety 0 0 1
|properties 12.1000 13.1500 0.8793 5.1050 2.9410 2.2010 5.0560 |variety 0 0 1
|properties 12.4400 13.5900 0.8462 5.3190 2.8970 4.9240 5.2700 |variety 0 0 1
|properties 12.1500 13.4500 0.8443 5.4170 2.8370 3.6380 5.3380 |variety 0 0 1
|properties 11.3500 13.1200 0.8291 5.1760 2.6680 4.3370 5.1320 |variety 0 0 1
|properties 11.2400 13.0000 0.8359 5.0900 2.7150 3.5210 5.0880 |variety 0 0 1
|properties 11.0200 13.0000 0.8189 5.3250 2.7010 6.7350 5.1630 |variety 0 0 1
|properties 11.5500 13.1000 0.8455 5.1670 2.8450 6.7150 4.9560 |variety 0 0 1
|properties 11.2700 12.9700 0.8419 5.0880 2.7630 4.3090 5.0000 |variety 0 0 1
|properties 11.4000 13.0800 0.8375 5.1360 2.7630 5.5880 5.0890 |variety 0 0 1
|properties 10.8300 12.9600 0.8099 5.2780 2.6410 5.1820 5.1850 |variety 0 0 1
|properties 10.8000 12.5700 0.8590 4.9810 2.8210 4.7730 5.0630 |variety 0 0 1
|properties 11.2600 13.0100 0.8355 5.1860 2.7100 5.3350 5.0920 |variety 0 0 1
|properties 10.7400 12.7300 0.8329 5.1450 2.6420 4.7020 4.9630 |variety 0 0 1
|properties 11.4800 13.0500 0.8473 5.1800 2.7580 5.8760 5.0020 |variety 0 0 1
|properties 12.2100 13.4700 0.8453 5.3570 2.8930 1.6610 5.1780 |variety 0 0 1
|properties 11.4100 12.9500 0.8560 5.0900 2.7750 4.9570 4.8250 |variety 0 0 1
|properties 12.4600 13.4100 0.8706 5.2360 3.0170 4.9870 5.1470 |variety 0 0 1
|properties 12.1900 13.3600 0.8579 5.2400 2.9090 4.8570 5.1580 |variety 0 0 1
|properties 11.6500 13.0700 0.8575 5.1080 2.8500 5.2090 5.1350 |variety 0 0 1
|properties 12.8900 13.7700 0.8541 5.4950 3.0260 6.1850 5.3160 |variety 0 0 1
|properties 11.5600 13.3100 0.8198 5.3630 2.6830 4.0620 5.1820 |variety 0 0 1
|properties 11.8100 13.4500 0.8198 5.4130 2.7160 4.8980 5.3520 |variety 0 0 1
|properties 10.9100 12.8000 0.8372 5.0880 2.6750 4.1790 4.9560 |variety 0 0 1
|properties 11.2300 12.8200 0.8594 5.0890 2.8210 7.5240 4.9570 |variety 0 0 1
|properties 10.5900 12.4100 0.8648 4.8990 2.7870 4.9750 4.7940 |variety 0 0 1
